26 47 37 24 40 39 42 35 2 20 38 45 30 4 19 3 43 25 23 34 41 44 46 18 28 7 29 1 13 16 11 48 36 14 9 21 32 17 27 22 6 8 33 5 31 12 10 15 0.000185391175380 5394
39 40 24 37 47 26 15 10 12 31 5 33 8 6 22 27 17 32 21 9 14 36 48 11 16 13 1 29 7 28 18 46 44 41 34 23 25 43 3 19 4 30 45 38 20 2 35 42 0.000185391175380 5394
12 10 15 26 47 37 24 40 39 42 35 2 20 38 45 30 4 19 3 43 25 23 34 41 44 46 18 28 7 29 1 13 16 11 48 36 14 9 21 32 17 27 22 6 8 33 5 31 0.000185391175380 5394
21 32 17 27 22 6 8 33 5 31 12 10 15 26 47 37 24 40 39 42 35 2 20 38 45 30 4 19 3 43 25 23 34 41 44 46 18 28 7 29 1 13 16 11 48 36 14 9 0.000185391175380 5394
45 38 20 2 35 42 39 40 24 37 47 26 15 10 12 31 5 33 8 6 22 27 17 32 21 9 14 36 48 11 16 13 1 29 7 28 18 46 44 41 34 23 25 43 3 19 4 30 0.000185391175380 5394
31 5 33 8 6 22 27 17 32 21 9 14 36 48 11 16 13 1 29 7 28 18 46 44 41 34 23 25 43 3 19 4 30 45 38 20 2 35 42 39 40 24 37 47 26 15 10 12 0.000185391175380 5394
45 30 4 19 3 43 25 23 34 41 44 46 18 28 7 29 1 13 16 11 48 36 14 9 21 32 17 27 22 6 8 33 5 31 12 10 15 26 47 37 24 40 39 42 35 2 20 38 0.000185391175380 5394
32 17 27 22 6 8 33 5 31 12 10 15 26 47 37 24 40 39 42 35 2 20 38 45 30 4 19 3 43 25 23 34 41 44 46 18 28 7 29 1 13 16 11 48 36 14 9 21 0.000185391175380 5394
1 29 7 28 18 46 44 41 34 23 25 43 3 19 4 30 45 38 20 2 35 42 39 40 24 37 47 26 15 10 12 31 5 33 8 6 22 27 17 32 21 9 14 36 48 11 16 13 0.000185391175380 5394
4 19 3 43 25 23 34 41 44 46 18 28 7 29 1 13 16 11 48 36 14 9 21 32 17 27 22 6 8 33 5 31 12 10 15 26 47 37 24 40 39 42 35 2 20 38 45 30 0.000185391175380 5394
23 25 43 3 19 4 30 45 38 20 2 35 42 39 40 24 37 47 26 15 10 12 31 5 33 8 6 22 27 17 32 21 9 14 36 48 11 16 13 1 29 7 28 18 46 44 41 34 0.000185391175380 5394
28 18 46 44 41 34 23 25 43 3 19 4 30 45 38 20 2 35 42 39 40 24 37 47 26 15 10 12 31 5 33 8 6 22 27 17 32 21 9 14 36 48 11 16 13 1 29 7 0.000185391175380 5394
37 47 26 15 10 12 31 5 33 8 6 22 27 17 32 21 9 14 36 48 11 16 13 1 29 7 28 18 46 44 41 34 23 25 43 3 19 4 30 45 38 20 2 35 42 39 40 24 0.000185391175380 5394
15 26 47 37 24 40 39 42 35 2 20 38 45 30 4 19 3 43 25 23 34 41 44 46 18 28 7 29 1 13 16 11 48 36 14 9 21 32 17 27 22 6 8 33 5 31 12 10 0.000185391175380 5394
28 7 29 1 13 16 11 48 36 14 9 21 32 17 27 22 6 8 33 5 31 12 10 15 26 47 37 24 40 39 42 35 2 20 38 45 30 4 19 3 43 25 23 34 41 44 46 18 0.000185391175380 5394
22 6 8 33 5 31 12 10 15 26 47 37 24 40 39 42 35 2 20 38 45 30 4 19 3 43 25 23 34 41 44 46 18 28 7 29 1 13 16 11 48 36 14 9 21 32 17 27 0.000185391175380 5394
1 13 16 11 48 36 14 9 21 32 17 27 22 6 8 33 5 31 12 10 15 26 47 37 24 40 39 42 35 2 20 38 45 30 4 19 3 43 25 23 34 41 44 46 18 28 7 29 0.000185391175380 5394
31 12 10 15 26 47 37 24 40 39 42 35 2 20 38 45 30 4 19 3 43 25 23 34 41 44 46 18 28 7 29 1 13 16 11 48 36 14 9 21 32 17 27 22 6 8 33 5 0.000185391175380 5394
22 27 17 32 21 9 14 36 48 11 16 13 1 29 7 28 18 46 44 41 34 23 25 43 3 19 4 30 45 38 20 2 35 42 39 40 24 37 47 26 15 10 12 31 5 33 8 6 0.000185391175380 5394
44 46 18 28 7 29 1 13 16 11 48 36 14 9 21 32 17 27 22 6 8 33 5 31 12 10 15 26 47 37 24 40 39 42 35 2 20 38 45 30 4 19 3 43 25 23 34 41 0.000185391175380 5394
18 28 7 29 1 13 16 11 48 36 14 9 21 32 17 27 22 6 8 33 5 31 12 10 15 26 47 37 24 40 39 42 35 2 20 38 45 30 4 19 3 43 25 23 34 41 44 46 0.000185391175380 5394
40 24 37 47 26 15 10 12 31 5 33 8 6 22 27 17 32 21 9 14 36 48 11 16 13 1 29 7 28 18 46 44 41 34 23 25 43 3 19 4 30 45 38 20 2 35 42 39 0.000185391175380 5394
16 13 1 29 7 28 18 46 44 41 34 23 25 43 3 19 4 30 45 38 20 2 35 42 39 40 24 37 47 26 15 10 12 31 5 33 8 6 22 27 17 32 21 9 14 36 48 11 0.000185391175380 5394
16 13 1 29 7 28 18 46 44 41 34 23 25 43 3 19 4 30 45 38 20 2 35 42 39 40 24 37 47 26 15 10 12 31 5 33 8 6 22 27 17 32 21 9 14 36 48 11 0.000185391175380 5394
48 36 14 9 21 32 17 27 22 6 8 33 5 31 12 10 15 26 47 37 24 40 39 42 35 2 20 38 45 30 4 19 3 43 25 23 34 41 44 46 18 28 7 29 1 13 16 11 0.000185391175380 5394
35 2 20 38 45 30 4 19 3 43 25 23 34 41 44 46 18 28 7 29 1 13 16 11 48 36 14 9 21 32 17 27 22 6 8 33 5 31 12 10 15 26 47 37 24 40 39 42 0.000185391175380 5394
33 8 6 22 27 17 32 21 9 14 36 48 11 16 13 1 29 7 28 18 46 44 41 34 23 25 43 3 19 4 30 45 38 20 2 35 42 39 40 24 37 47 26 15 10 12 31 5 0.000185391175380 5394
16 11 48 36 14 9 21 32 17 27 22 6 8 33 5 31 12 10 15 26 47 37 24 40 39 42 35 2 20 38 45 30 4 19 3 43 25 23 34 41 44 46 18 28 7 29 1 13 0.000185391175380 5394
8 33 5 31 12 10 15 26 47 37 24 40 39 42 35 2 20 38 45 30 4 19 3 43 25 23 34 41 44 46 18 28 7 29 1 13 16 11 48 36 14 9 21 32 17 27 22 6 0.000185391175380 5394
14 36 48 11 16 13 1 29 7 28 18 46 44 41 34 23 25 43 3 19 4 30 45 38 20 2 35 42 39 40 24 37 47 26 15 10 12 31 5 33 8 6 22 27 17 32 21 9 0.000185391175380 5394
20 2 35 42 39 40 24 37 47 26 15 10 12 31 5 33 8 6 22 27 17 32 21 9 14 36 48 11 16 13 1 29 7 28 18 46 44 41 34 23 25 43 3 19 4 30 45 38 0.000185391175380 5394
11 48 36 14 9 21 32 17 27 22 6 8 33 5 31 12 10 15 26 47 37 24 40 39 42 35 2 20 38 45 30 4 19 3 43 25 23 34 41 44 46 18 28 7 29 1 13 16 0.000185391175380 5394
47 37 24 40 39 42 35 2 20 38 45 30 4 19 3 43 25 23 34 41 44 46 18 28 7 29 1 13 16 11 48 36 14 9 21 32 17 27 22 6 8 33 5 31 12 10 15 26 0.000185391175380 5394
9 14 36 48 11 16 13 1 29 7 28 18 46 44 41 34 23 25 43 3 19 4 30 45 38 20 2 35 42 39 40 24 37 47 26 15 10 12 31 5 33 8 6 22 27 17 32 21 0.000185391175380 5394
19 3 43 25 23 34 41 44 46 18 28 7 29 1 13 16 11 48 36 14 9 21 32 17 27 22 6 8 33 5 31 12 10 15 26 47 37 24 40 39 42 35 2 20 38 45 30 4 0.000185391175380 5394
39 40 24 37 47 26 15 10 12 31 5 33 8 6 22 27 17 32 21 9 14 36 48 11 16 13 1 29 7 28 18 46 44 41 34 23 25 43 3 19 4 30 45 38 20 2 35 42 0.000185391175380 5394
16 11 48 36 14 9 21 32 17 27 22 6 8 33 5 31 12 10 15 26 47 37 24 40 39 42 35 2 20 38 45 30 4 19 3 43 25 23 34 41 44 46 18 28 7 29 1 13 0.000185391175380 5394
15 10 12 31 5 33 8 6 22 27 17 32 21 9 14 36 48 11 16 13 1 29 7 28 18 46 44 41 34 23 25 43 3 19 4 30 45 38 20 2 35 42 39 40 24 37 47 26 0.000185391175380 5394
40 39 42 35 2 20 38 45 30 4 19 3 43 25 23 34 41 44 46 18 28 7 29 1 13 16 11 48 36 14 9 21 32 17 27 22 6 8 33 5 31 12 10 15 26 47 37 24 0.000185391175380 5394
11 48 36 14 9 21 32 17 27 22 6 8 33 5 31 12 10 15 26 47 37 24 40 39 42 35 2 20 38 45 30 4 19 3 43 25 23 34 41 44 46 18 28 7 29 1 13 16 0.000185391175380 5394
41 44 46 18 28 7 29 1 13 16 11 48 36 14 9 21 32 17 27 22 6 8 33 5 31 12 10 15 26 47 37 24 40 39 42 35 2 20 38 45 30 4 19 3 43 25 23 34 0.000185391175380 5394
38 20 2 35 42 39 40 24 37 47 26 15 10 12 31 5 33 8 6 22 27 17 32 21 9 14 36 48 11 16 13 1 29 7 28 18 46 44 41 34 23 25 43 3 19 4 30 45 0.000185391175380 5394
24 37 47 26 15 10 12 31 5 33 8 6 22 27 17 32 21 9 14 36 48 11 16 13 1 29 7 28 18 46 44 41 34 23 25 43 3 19 4 30 45 38 20 2 35 42 39 40 0.000185391175380 5394
16 11 48 36 14 9 21 32 17 27 22 6 8 33 5 31 12 10 15 26 47 37 24 40 39 42 35 2 20 38 45 30 4 19 3 43 25 23 34 41 44 46 18 28 7 29 1 13 0.000185391175380 5394
16 11 48 36 14 9 21 32 17 27 22 6 8 33 5 31 12 10 15 26 47 37 24 40 39 42 35 2 20 38 45 30 4 19 3 43 25 23 34 41 44 46 18 28 7 29 1 13 0.000185391175380 5394
14 9 21 32 17 27 22 6 8 33 5 31 12 10 15 26 47 37 24 40 39 42 35 2 20 38 45 30 4 19 3 43 25 23 34 41 44 46 18 28 7 29 1 13 16 11 48 36 0.000185391175380 5394
12 31 5 33 8 6 22 27 17 32 21 9 14 36 48 11 16 13 1 29 7 28 18 46 44 41 34 23 25 43 3 19 4 30 45 38 20 2 35 42 39 40 24 37 47 26 15 10 0.000185391175380 5394
7 28 18 46 44 41 34 23 25 43 3 19 4 30 45 38 20 2 35 42 39 40 24 37 47 26 15 10 12 31 5 33 8 6 22 27 17 32 21 9 14 36 48 11 16 13 1 29 0.000185391175380 5394
21 32 17 27 22 6 8 33 5 31 12 10 15 26 47 37 24 40 39 42 35 2 20 38 45 30 4 19 3 43 25 23 34 41 44 46 18 28 7 29 1 13 16 11 48 36 14 9 0.000185391175380 5394
41 34 23 25 43 3 19 4 30 45 38 20 2 35 42 39 40 24 37 47 26 15 10 12 31 5 33 8 6 22 27 17 32 21 9 14 36 48 11 16 13 1 29 7 28 18 46 44 0.000185391175380 5394
41 44 46 18 28 7 29 1 13 16 11 48 36 14 9 21 32 17 27 22 6 8 33 5 31 12 10 15 26 47 37 24 40 39 42 35 2 20 38 45 30 4 19 3 43 25 23 34 0.000185391175380 5394
8 33 5 31 12 10 15 26 47 37 24 40 39 42 35 2 20 38 45 30 4 19 3 43 25 23 34 41 44 46 18 28 7 29 1 13 16 11 48 36 14 9 21 32 17 27 22 6 0.000185391175380 5394
47 37 24 40 39 42 35 2 20 38 45 30 4 19 3 43 25 23 34 41 44 46 18 28 7 29 1 13 16 11 48 36 14 9 21 32 17 27 22 6 8 33 5 31 12 10 15 26 0.000185391175380 5394
42 35 2 20 38 45 30 4 19 3 43 25 23 34 41 44 46 18 28 7 29 1 13 16 11 48 36 14 9 21 32 17 27 22 6 8 33 5 31 12 10 15 26 47 37 24 40 39 0.000185391175380 5394
17 27 22 6 8 33 5 31 12 10 15 26 47 37 24 40 39 42 35 2 20 38 45 30 4 19 3 43 25 23 34 41 44 46 18 28 7 29 1 13 16 11 48 36 14 9 21 32 0.000185391175380 5394
44 41 34 23 25 43 3 19 4 30 45 38 20 2 35 42 39 40 24 37 47 26 15 10 12 31 5 33 8 6 22 27 17 32 21 9 14 36 48 11 16 13 1 29 7 28 18 46 0.000185391175380 5394
40 24 37 47 26 15 10 12 31 5 33 8 6 22 27 17 32 21 9 14 36 48 11 16 13 1 29 7 28 18 46 44 41 34 23 25 43 3 19 4 30 45 38 20 2 35 42 39 0.000185391175380 5394
9 21 32 17 27 22 6 8 33 5 31 12 10 15 26 47 37 24 40 39 42 35 2 20 38 45 30 4 19 3 43 25 23 34 41 44 46 18 28 7 29 1 13 16 11 48 36 14 0.000185391175380 5394
20 38 45 30 4 19 3 43 25 23 34 41 44 46 18 28 7 29 1 13 16 11 48 36 14 9 21 32 17 27 22 6 8 33 5 31 12 10 15 26 47 37 24 40 39 42 35 2 0.000185391175380 5394
28 7 29 1 13 16 11 48 36 14 9 21 32 17 27 22 6 8 33 5 31 12 10 15 26 47 37 24 40 39 42 35 2 20 38 45 30 4 19 3 43 25 23 34 41 44 46 18 0.000185391175380 5394
4 19 3 43 25 23 34 41 44 46 18 28 7 29 1 13 16 11 48 36 14 9 21 32 17 27 22 6 8 33 5 31 12 10 15 26 47 37 24 40 39 42 35 2 20 38 45 30 0.000185391175380 5394
14 9 21 32 17 27 22 6 8 33 5 31 12 10 15 26 47 37 24 40 39 42 35 2 20 38 45 30 4 19 3 43 25 23 34 41 44 46 18 28 7 29 1 13 16 11 48 36 0.000185391175380 5394
34 41 44 46 18 28 7 29 1 13 16 11 48 36 14 9 21 32 17 27 22 6 8 33 5 31 12 10 15 26 47 37 24 40 39 42 35 2 20 38 45 30 4 19 3 43 25 23 0.000185391175380 5394
27 22 6 8 33 5 31 12 10 15 26 47 37 24 40 39 42 35 2 20 38 45 30 4 19 3 43 25 23 34 41 44 46 18 28 7 29 1 13 16 11 48 36 14 9 21 32 17 0.000185391175380 5394
37 24 40 39 42 35 2 20 38 45 30 4 19 3 43 25 23 34 41 44 46 18 28 7 29 1 13 16 11 48 36 14 9 21 32 17 27 22 6 8 33 5 31 12 10 15 26 47 0.000185391175380 5394
26 47 37 24 40 39 42 35 2 20 38 45 30 4 19 3 43 25 23 34 41 44 46 18 28 7 29 1 13 16 11 48 36 14 9 21 32 17 27 22 6 8 33 5 31 12 10 15 0.000185391175380 5394
10 12 31 5 33 8 6 22 27 17 32 21 9 14 36 48 11 16 13 1 29 7 28 18 46 44 41 34 23 25 43 3 19 4 30 45 38 20 2 35 42 39 40 24 37 47 26 15 0.000185391175380 5394
4 19 3 43 25 23 34 41 44 46 18 28 7 29 1 13 16 11 48 36 14 9 21 32 17 27 22 6 8 33 5 31 12 10 15 26 47 37 24 40 39 42 35 2 20 38 45 30 0.000185391175380 5394
5 33 8 6 22 27 17 32 21 9 14 36 48 11 16 13 1 29 7 28 18 46 44 41 34 23 25 43 3 19 4 30 45 38 20 2 35 42 39 40 24 37 47 26 15 10 12 31 0.000185391175380 5394
48 36 14 9 21 32 17 27 22 6 8 33 5 31 12 10 15 26 47 37 24 40 39 42 35 2 20 38 45 30 4 19 3 43 25 23 34 41 44 46 18 28 7 29 1 13 16 11 0.000185391175380 5394
17 27 22 6 8 33 5 31 12 10 15 26 47 37 24 40 39 42 35 2 20 38 45 30 4 19 3 43 25 23 34 41 44 46 18 28 7 29 1 13 16 11 48 36 14 9 21 32 0.000185391175380 5394
44 46 18 28 7 29 1 13 16 11 48 36 14 9 21 32 17 27 22 6 8 33 5 31 12 10 15 26 47 37 24 40 39 42 35 2 20 38 45 30 4 19 3 43 25 23 34 41 0.000185391175380 5394
1 29 7 28 18 46 44 41 34 23 25 43 3 19 4 30 45 38 20 2 35 42 39 40 24 37 47 26 15 10 12 31 5 33 8 6 22 27 17 32 21 9 14 36 48 11 16 13 0.000185391175380 5394
41 34 23 25 43 3 19 4 30 45 38 20 2 35 42 39 40 24 37 47 26 15 10 12 31 5 33 8 6 22 27 17 32 21 9 14 36 48 11 16 13 1 29 7 28 18 46 44 0.000185391175380 5394
4 30 45 38 20 2 35 42 39 40 24 37 47 26 15 10 12 31 5 33 8 6 22 27 17 32 21 9 14 36 48 11 16 13 1 29 7 28 18 46 44 41 34 23 25 43 3 19 0.000185391175380 5394
5 33 8 6 22 27 17 32 21 9 14 36 48 11 16 13 1 29 7 28 18 46 44 41 34 23 25 43 3 19 4 30 45 38 20 2 35 42 39 40 24 37 47 26 15 10 12 31 0.000185391175380 5394
44 46 18 28 7 29 1 13 16 11 48 36 14 9 21 32 17 27 22 6 8 33 5 31 12 10 15 26 47 37 24 40 39 42 35 2 20 38 45 30 4 19 3 43 25 23 34 41 0.000185391175380 5394
25 43 3 19 4 30 45 38 20 2 35 42 39 40 24 37 47 26 15 10 12 31 5 33 8 6 22 27 17 32 21 9 14 36 48 11 16 13 1 29 7 28 18 46 44 41 34 23 0.000185391175380 5394
44 46 18 28 7 29 1 13 16 11 48 36 14 9 21 32 17 27 22 6 8 33 5 31 12 10 15 26 47 37 24 40 39 42 35 2 20 38 45 30 4 19 3 43 25 23 34 41 0.000185391175380 5394
33 8 6 22 27 17 32 21 9 14 36 48 11 16 13 1 29 7 28 18 46 44 41 34 23 25 43 3 19 4 30 45 38 20 2 35 42 39 40 24 37 47 26 15 10 12 31 5 0.000185391175380 5394
37 47 26 15 10 12 31 5 33 8 6 22 27 17 32 21 9 14 36 48 11 16 13 1 29 7 28 18 46 44 41 34 23 25 43 3 19 4 30 45 38 20 2 35 42 39 40 24 0.000185391175380 5394
34 41 44 46 18 28 7 29 1 13 16 11 48 36 14 9 21 32 17 27 22 6 8 33 5 31 12 10 15 26 47 37 24 40 39 42 35 2 20 38 45 30 4 19 3 43 25 23 0.000185391175380 5394
22 27 17 32 21 9 14 36 48 11 16 13 1 29 7 28 18 46 44 41 34 23 25 43 3 19 4 30 45 38 20 2 35 42 39 40 24 37 47 26 15 10 12 31 5 33 8 6 0.000185391175380 5394
6 8 33 5 31 12 10 15 26 47 37 24 40 39 42 35 2 20 38 45 30 4 19 3 43 25 23 34 41 44 46 18 28 7 29 1 13 16 11 48 36 14 9 21 32 17 27 22 0.000185391175380 5394
40 24 37 47 26 15 10 12 31 5 33 8 6 22 27 17 32 21 9 14 36 48 11 16 13 1 29 7 28 18 46 44 41 34 23 25 43 3 19 4 30 45 38 20 2 35 42 39 0.000185391175380 5394
5 31 12 10 15 26 47 37 24 40 39 42 35 2 20 38 45 30 4 19 3 43 25 23 34 41 44 46 18 28 7 29 1 13 16 11 48 36 14 9 21 32 17 27 22 6 8 33 0.000185391175380 5394
43 25 23 34 41 44 46 18 28 7 29 1 13 16 11 48 36 14 9 21 32 17 27 22 6 8 33 5 31 12 10 15 26 47 37 24 40 39 42 35 2 20 38 45 30 4 19 3 0.000185391175380 5394
38 20 2 35 42 39 40 24 37 47 26 15 10 12 31 5 33 8 6 22 27 17 32 21 9 14 36 48 11 16 13 1 29 7 28 18 46 44 41 34 23 25 43 3 19 4 30 45 0.000185391175380 5394
14 36 48 11 16 13 1 29 7 28 18 46 44 41 34 23 25 43 3 19 4 30 45 38 20 2 35 42 39 40 24 37 47 26 15 10 12 31 5 33 8 6 22 27 17 32 21 9 0.000185391175380 5394
16 13 1 29 7 28 18 46 44 41 34 23 25 43 3 19 4 30 45 38 20 2 35 42 39 40 24 37 47 26 15 10 12 31 5 33 8 6 22 27 17 32 21 9 14 36 48 11 0.000185391175380 5394
31 5 33 8 6 22 27 17 32 21 9 14 36 48 11 16 13 1 29 7 28 18 46 44 41 34 23 25 43 3 19 4 30 45 38 20 2 35 42 39 40 24 37 47 26 15 10 12 0.000185391175380 5394
46 18 28 7 29 1 13 16 11 48 36 14 9 21 32 17 27 22 6 8 33 5 31 12 10 15 26 47 37 24 40 39 42 35 2 20 38 45 30 4 19 3 43 25 23 34 41 44 0.000185391175380 5394
35 2 20 38 45 30 4 19 3 43 25 23 34 41 44 46 18 28 7 29 1 13 16 11 48 36 14 9 21 32 17 27 22 6 8 33 5 31 12 10 15 26 47 37 24 40 39 42 0.000185391175380 5394
14 36 48 11 16 13 1 29 7 28 18 46 44 41 34 23 25 43 3 19 4 30 45 38 20 2 35 42 39 40 24 37 47 26 15 10 12 31 5 33 8 6 22 27 17 32 21 9 0.000185391175380 5394
24 40 39 42 35 2 20 38 45 30 4 19 3 43 25 23 34 41 44 46 18 28 7 29 1 13 16 11 48 36 14 9 21 32 17 27 22 6 8 33 5 31 12 10 15 26 47 37 0.000185391175380 5394
21 32 17 27 22 6 8 33 5 31 12 10 15 26 47 37 24 40 39 42 35 2 20 38 45 30 4 19 3 43 25 23 34 41 44 46 18 28 7 29 1 13 16 11 48 36 14 9 0.000185391175380 5394
7 28 18 46 44 41 34 23 25 43 3 19 4 30 45 38 20 2 35 42 39 40 24 37 47 26 15 10 12 31 5 33 8 6 22 27 17 32 21 9 14 36 48 11 16 13 1 29 0.000185391175380 5394
36 14 9 21 32 17 27 22 6 8 33 5 31 12 10 15 26 47 37 24 40 39 42 35 2 20 38 45 30 4 19 3 43 25 23 34 41 44 46 18 28 7 29 1 13 16 11 48 0.000185391175380 5394
14 36 48 11 16 13 1 29 7 28 18 46 44 41 34 23 25 43 3 19 4 30 45 38 20 2 35 42 39 40 24 37 47 26 15 10 12 31 5 33 8 6 22 27 17 32 21 9 0.000185391175380 5394
10 12 31 5 33 8 6 22 27 17 32 21 9 14 36 48 11 16 13 1 29 7 28 18 46 44 41 34 23 25 43 3 19 4 30 45 38 20 2 35 42 39 40 24 37 47 26 15 0.000185391175380 5394
26 15 10 12 31 5 33 8 6 22 27 17 32 21 9 14 36 48 11 16 13 1 29 7 28 18 46 44 41 34 23 25 43 3 19 4 30 45 38 20 2 35 42 39 40 24 37 47 0.000185391175380 5394
48 11 16 13 1 29 7 28 18 46 44 41 34 23 25 43 3 19 4 30 45 38 20 2 35 42 39 40 24 37 47 26 15 10 12 31 5 33 8 6 22 27 17 32 21 9 14 36 0.000185391175380 5394
39 40 24 37 47 26 15 10 12 31 5 33 8 6 22 27 17 32 21 9 14 36 48 11 16 13 1 29 7 28 18 46 44 41 34 23 25 43 3 19 4 30 45 38 20 2 35 42 0.000185391175380 5394
36 48 11 16 13 1 29 7 28 18 46 44 41 34 23 25 43 3 19 4 30 45 38 20 2 35 42 39 40 24 37 47 26 15 10 12 31 5 33 8 6 22 27 17 32 21 9 14 0.000185391175380 5394
19 3 43 25 23 34 41 44 46 18 28 7 29 1 13 16 11 48 36 14 9 21 32 17 27 22 6 8 33 5 31 12 10 15 26 47 37 24 40 39 42 35 2 20 38 45 30 4 0.000185391175380 5394
7 28 18 46 44 41 34 23 25 43 3 19 4 30 45 38 20 2 35 42 39 40 24 37 47 26 15 10 12 31 5 33 8 6 22 27 17 32 21 9 14 36 48 11 16 13 1 29 0.000185391175380 5394
1 29 7 28 18 46 44 41 34 23 25 43 3 19 4 30 45 38 20 2 35 42 39 40 24 37 47 26 15 10 12 31 5 33 8 6 22 27 17 32 21 9 14 36 48 11 16 13 0.000185391175380 5394
7 29 1 13 16 11 48 36 14 9 21 32 17 27 22 6 8 33 5 31 12 10 15 26 47 37 24 40 39 42 35 2 20 38 45 30 4 19 3 43 25 23 34 41 44 46 18 28 0.000185391175380 5394
20 38 45 30 4 19 3 43 25 23 34 41 44 46 18 28 7 29 1 13 16 11 48 36 14 9 21 32 17 27 22 6 8 33 5 31 12 10 15 26 47 37 24 40 39 42 35 2 0.000185391175380 5394
6 22 27 17 32 21 9 14 36 48 11 16 13 1 29 7 28 18 46 44 41 34 23 25 43 3 19 4 30 45 38 20 2 35 42 39 40 24 37 47 26 15 10 12 31 5 33 8 0.000185391175380 5394
20 2 35 42 39 40 24 37 47 26 15 10 12 31 5 33 8 6 22 27 17 32 21 9 14 36 48 11 16 13 1 29 7 28 18 46 44 41 34 23 25 43 3 19 4 30 45 38 0.000185391175380 5394
47 37 24 40 39 42 35 2 20 38 45 30 4 19 3 43 25 23 34 41 44 46 18 28 7 29 1 13 16 11 48 36 14 9 21 32 17 27 22 6 8 33 5 31 12 10 15 26 0.000185391175380 5394
15 10 12 31 5 33 8 6 22 27 17 32 21 9 14 36 48 11 16 13 1 29 7 28 18 46 44 41 34 23 25 43 3 19 4 30 45 38 20 2 35 42 39 40 24 37 47 26 0.000185391175380 5394
16 13 1 29 7 28 18 46 44 41 34 23 25 43 3 19 4 30 45 38 20 2 35 42 39 40 24 37 47 26 15 10 12 31 5 33 8 6 22 27 17 32 21 9 14 36 48 11 0.000185391175380 5394
14 36 48 11 16 13 1 29 7 28 18 46 44 41 34 23 25 43 3 19 4 30 45 38 20 2 35 42 39 40 24 37 47 26 15 10 12 31 5 33 8 6 22 27 17 32 21 9 0.000185391175380 5394
18 28 7 29 1 13 16 11 48 36 14 9 21 32 17 27 22 6 8 33 5 31 12 10 15 26 47 37 24 40 39 42 35 2 20 38 45 30 4 19 3 43 25 23 34 41 44 46 0.000185391175380 5394
10 15 26 47 37 24 40 39 42 35 2 20 38 45 30 4 19 3 43 25 23 34 41 44 46 18 28 7 29 1 13 16 11 48 36 14 9 21 32 17 27 22 6 8 33 5 31 12 0.000185391175380 5394
5 31 12 10 15 26 47 37 24 40 39 42 35 2 20 38 45 30 4 19 3 43 25 23 34 41 44 46 18 28 7 29 1 13 16 11 48 36 14 9 21 32 17 27 22 6 8 33 0.000185391175380 5394
39 42 35 2 20 38 45 30 4 19 3 43 25 23 34 41 44 46 18 28 7 29 1 13 16 11 48 36 14 9 21 32 17 27 22 6 8 33 5 31 12 10 15 26 47 37 24 40 0.000185391175380 5394
8 33 5 31 12 10 15 26 47 37 24 40 39 42 35 2 20 38 45 30 4 19 3 43 25 23 34 41 44 46 18 28 7 29 1 13 16 11 48 36 14 9 21 32 17 27 22 6 0.000185391175380 5394
5 31 12 10 15 26 47 37 24 40 39 42 35 2 20 38 45 30 4 19 3 43 25 23 34 41 44 46 18 28 7 29 1 13 16 11 48 36 14 9 21 32 17 27 22 6 8 33 0.000185391175380 5394
15 10 12 31 5 33 8 6 22 27 17 32 21 9 14 36 48 11 16 13 1 29 7 28 18 46 44 41 34 23 25 43 3 19 4 30 45 38 20 2 35 42 39 40 24 37 47 26 0.000185391175380 5394
16 11 48 36 14 9 21 32 17 27 22 6 8 33 5 31 12 10 15 26 47 37 24 40 39 42 35 2 20 38 45 30 4 19 3 43 25 23 34 41 44 46 18 28 7 29 1 13 0.000185391175380 5394
4 30 45 38 20 2 35 42 39 40 24 37 47 26 15 10 12 31 5 33 8 6 22 27 17 32 21 9 14 36 48 11 16 13 1 29 7 28 18 46 44 41 34 23 25 43 3 19 0.000185391175380 5394
43 25 23 34 41 44 46 18 28 7 29 1 13 16 11 48 36 14 9 21 32 17 27 22 6 8 33 5 31 12 10 15 26 47 37 24 40 39 42 35 2 20 38 45 30 4 19 3 0.000185391175380 5394
8 33 5 31 12 10 15 26 47 37 24 40 39 42 35 2 20 38 45 30 4 19 3 43 25 23 34 41 44 46 18 28 7 29 1 13 16 11 48 36 14 9 21 32 17 27 22 6 0.000185391175380 5394
28 18 46 44 41 34 23 25 43 3 19 4 30 45 38 20 2 35 42 39 40 24 37 47 26 15 10 12 31 5 33 8 6 22 27 17 32 21 9 14 36 48 11 16 13 1 29 7 0.000185391175380 5394
29 7 28 18 46 44 41 34 23 25 43 3 19 4 30 45 38 20 2 35 42 39 40 24 37 47 26 15 10 12 31 5 33 8 6 22 27 17 32 21 9 14 36 48 11 16 13 1 0.000185391175380 5394
2 35 42 39 40 24 37 47 26 15 10 12 31 5 33 8 6 22 27 17 32 21 9 14 36 48 11 16 13 1 29 7 28 18 46 44 41 34 23 25 43 3 19 4 30 45 38 20 0.000185391175380 5394
48 11 16 13 1 29 7 28 18 46 44 41 34 23 25 43 3 19 4 30 45 38 20 2 35 42 39 40 24 37 47 26 15 10 12 31 5 33 8 6 22 27 17 32 21 9 14 36 0.000185391175380 5394
15 10 12 31 5 33 8 6 22 27 17 32 21 9 14 36 48 11 16 13 1 29 7 28 18 46 44 41 34 23 25 43 3 19 4 30 45 38 20 2 35 42 39 40 24 37 47 26 0.000185391175380 5394
16 13 1 29 7 28 18 46 44 41 34 23 25 43 3 19 4 30 45 38 20 2 35 42 39 40 24 37 47 26 15 10 12 31 5 33 8 6 22 27 17 32 21 9 14 36 48 11 0.000185391175380 5394
46 44 41 34 23 25 43 3 19 4 30 45 38 20 2 35 42 39 40 24 37 47 26 15 10 12 31 5 33 8 6 22 27 17 32 21 9 14 36 48 11 16 13 1 29 7 28 18 0.000185391175380 5394
30 45 38 20 2 35 42 39 40 24 37 47 26 15 10 12 31 5 33 8 6 22 27 17 32 21 9 14 36 48 11 16 13 1 29 7 28 18 46 44 41 34 23 25 43 3 19 4 0.000185391175380 5394
12 31 5 33 8 6 22 27 17 32 21 9 14 36 48 11 16 13 1 29 7 28 18 46 44 41 34 23 25 43 3 19 4 30 45 38 20 2 35 42 39 40 24 37 47 26 15 10 0.000185391175380 5394
16 11 48 36 14 9 21 32 17 27 22 6 8 33 5 31 12 10 15 26 47 37 24 40 39 42 35 2 20 38 45 30 4 19 3 43 25 23 34 41 44 46 18 28 7 29 1 13 0.000185391175380 5394
8 6 22 27 17 32 21 9 14 36 48 11 16 13 1 29 7 28 18 46 44 41 34 23 25 43 3 19 4 30 45 38 20 2 35 42 39 40 24 37 47 26 15 10 12 31 5 33 0.000185391175380 5394
28 7 29 1 13 16 11 48 36 14 9 21 32 17 27 22 6 8 33 5 31 12 10 15 26 47 37 24 40 39 42 35 2 20 38 45 30 4 19 3 43 25 23 34 41 44 46 18 0.000185391175380 5394
4 30 45 38 20 2 35 42 39 40 24 37 47 26 15 10 12 31 5 33 8 6 22 27 17 32 21 9 14 36 48 11 16 13 1 29 7 28 18 46 44 41 34 23 25 43 3 19 0.000185391175380 5394
5 31 12 10 15 26 47 37 24 40 39 42 35 2 20 38 45 30 4 19 3 43 25 23 34 41 44 46 18 28 7 29 1 13 16 11 48 36 14 9 21 32 17 27 22 6 8 33 0.000185391175380 5394
25 23 34 41 44 46 18 28 7 29 1 13 16 11 48 36 14 9 21 32 17 27 22 6 8 33 5 31 12 10 15 26 47 37 24 40 39 42 35 2 20 38 45 30 4 19 3 43 0.000185391175380 5394
37 24 40 39 42 35 2 20 38 45 30 4 19 3 43 25 23 34 41 44 46 18 28 7 29 1 13 16 11 48 36 14 9 21 32 17 27 22 6 8 33 5 31 12 10 15 26 47 0.000185391175380 5394
2 20 38 45 30 4 19 3 43 25 23 34 41 44 46 18 28 7 29 1 13 16 11 48 36 14 9 21 32 17 27 22 6 8 33 5 31 12 10 15 26 47 37 24 40 39 42 35 0.000185391175380 5394
22 6 8 33 5 31 12 10 15 26 47 37 24 40 39 42 35 2 20 38 45 30 4 19 3 43 25 23 34 41 44 46 18 28 7 29 1 13 16 11 48 36 14 9 21 32 17 27 0.000185391175380 5394
47 26 15 10 12 31 5 33 8 6 22 27 17 32 21 9 14 36 48 11 16 13 1 29 7 28 18 46 44 41 34 23 25 43 3 19 4 30 45 38 20 2 35 42 39 40 24 37 0.000185391175380 5394
7 29 1 13 16 11 48 36 14 9 21 32 17 27 22 6 8 33 5 31 12 10 15 26 47 37 24 40 39 42 35 2 20 38 45 30 4 19 3 43 25 23 34 41 44 46 18 28 0.000185391175380 5394
3 19 4 30 45 38 20 2 35 42 39 40 24 37 47 26 15 10 12 31 5 33 8 6 22 27 17 32 21 9 14 36 48 11 16 13 1 29 7 28 18 46 44 41 34 23 25 43 0.000185391175380 5394
27 22 6 8 33 5 31 12 10 15 26 47 37 24 40 39 42 35 2 20 38 45 30 4 19 3 43 25 23 34 41 44 46 18 28 7 29 1 13 16 11 48 36 14 9 21 32 17 0.000185391175380 5394
42 39 40 24 37 47 26 15 10 12 31 5 33 8 6 22 27 17 32 21 9 14 36 48 11 16 13 1 29 7 28 18 46 44 41 34 23 25 43 3 19 4 30 45 38 20 2 35 0.000185391175380 5394
15 26 47 37 24 40 39 42 35 2 20 38 45 30 4 19 3 43 25 23 34 41 44 46 18 28 7 29 1 13 16 11 48 36 14 9 21 32 17 27 22 6 8 33 5 31 12 10 0.000185391175380 5394
44 41 34 23 25 43 3 19 4 30 45 38 20 2 35 42 39 40 24 37 47 26 15 10 12 31 5 33 8 6 22 27 17 32 21 9 14 36 48 11 16 13 1 29 7 28 18 46 0.000185391175380 5394
10 12 31 5 33 8 6 22 27 17 32 21 9 14 36 48 11 16 13 1 29 7 28 18 46 44 41 34 23 25 43 3 19 4 30 45 38 20 2 35 42 39 40 24 37 47 26 15 0.000185391175380 5394
16 13 1 29 7 28 18 46 44 41 34 23 25 43 3 19 4 30 45 38 20 2 35 42 39 40 24 37 47 26 15 10 12 31 5 33 8 6 22 27 17 32 21 9 14 36 48 11 0.000185391175380 5394
27 17 32 21 9 14 36 48 11 16 13 1 29 7 28 18 46 44 41 34 23 25 43 3 19 4 30 45 38 20 2 35 42 39 40 24 37 47 26 15 10 12 31 5 33 8 6 22 0.000185391175380 5394
29 1 13 16 11 48 36 14 9 21 32 17 27 22 6 8 33 5 31 12 10 15 26 47 37 24 40 39 42 35 2 20 38 45 30 4 19 3 43 25 23 34 41 44 46 18 28 7 0.000185391175380 5394
44 46 18 28 7 29 1 13 16 11 48 36 14 9 21 32 17 27 22 6 8 33 5 31 12 10 15 26 47 37 24 40 39 42 35 2 20 38 45 30 4 19 3 43 25 23 34 41 0.000185391175380 5394
40 39 42 35 2 20 38 45 30 4 19 3 43 25 23 34 41 44 46 18 28 7 29 1 13 16 11 48 36 14 9 21 32 17 27 22 6 8 33 5 31 12 10 15 26 47 37 24 0.000185391175380 5394
3 43 25 23 34 41 44 46 18 28 7 29 1 13 16 11 48 36 14 9 21 32 17 27 22 6 8 33 5 31 12 10 15 26 47 37 24 40 39 42 35 2 20 38 45 30 4 19 0.000185391175380 5394
19 4 30 45 38 20 2 35 42 39 40 24 37 47 26 15 10 12 31 5 33 8 6 22 27 17 32 21 9 14 36 48 11 16 13 1 29 7 28 18 46 44 41 34 23 25 43 3 0.000185391175380 5394
5 33 8 6 22 27 17 32 21 9 14 36 48 11 16 13 1 29 7 28 18 46 44 41 34 23 25 43 3 19 4 30 45 38 20 2 35 42 39 40 24 37 47 26 15 10 12 31 0.000185391175380 5394
34 23 25 43 3 19 4 30 45 38 20 2 35 42 39 40 24 37 47 26 15 10 12 31 5 33 8 6 22 27 17 32 21 9 14 36 48 11 16 13 1 29 7 28 18 46 44 41 0.000185391175380 5394
40 24 37 47 26 15 10 12 31 5 33 8 6 22 27 17 32 21 9 14 36 48 11 16 13 1 29 7 28 18 46 44 41 34 23 25 43 3 19 4 30 45 38 20 2 35 42 39 0.000185391175380 5394
15 10 12 31 5 33 8 6 22 27 17 32 21 9 14 36 48 11 16 13 1 29 7 28 18 46 44 41 34 23 25 43 3 19 4 30 45 38 20 2 35 42 39 40 24 37 47 26 0.000185391175380 5394
4 19 3 43 25 23 34 41 44 46 18 28 7 29 1 13 16 11 48 36 14 9 21 32 17 27 22 6 8 33 5 31 12 10 15 26 47 37 24 40 39 42 35 2 20 38 45 30 0.000185391175380 5394
37 24 40 39 42 35 2 20 38 45 30 4 19 3 43 25 23 34 41 44 46 18 28 7 29 1 13 16 11 48 36 14 9 21 32 17 27 22 6 8 33 5 31 12 10 15 26 47 0.000185391175380 5394
45 30 4 19 3 43 25 23 34 41 44 46 18 28 7 29 1 13 16 11 48 36 14 9 21 32 17 27 22 6 8 33 5 31 12 10 15 26 47 37 24 40 39 42 35 2 20 38 0.000185391175380 5394
34 41 44 46 18 28 7 29 1 13 16 11 48 36 14 9 21 32 17 27 22 6 8 33 5 31 12 10 15 26 47 37 24 40 39 42 35 2 20 38 45 30 4 19 3 43 25 23 0.000185391175380 5394
29 7 28 18 46 44 41 34 23 25 43 3 19 4 30 45 38 20 2 35 42 39 40 24 37 47 26 15 10 12 31 5 33 8 6 22 27 17 32 21 9 14 36 48 11 16 13 1 0.000185391175380 5394
13 1 29 7 28 18 46 44 41 34 23 25 43 3 19 4 30 45 38 20 2 35 42 39 40 24 37 47 26 15 10 12 31 5 33 8 6 22 27 17 32 21 9 14 36 48 11 16 0.000185391175380 5394
32 17 27 22 6 8 33 5 31 12 10 15 26 47 37 24 40 39 42 35 2 20 38 45 30 4 19 3 43 25 23 34 41 44 46 18 28 7 29 1 13 16 11 48 36 14 9 21 0.000185391175380 5394
17 27 22 6 8 33 5 31 12 10 15 26 47 37 24 40 39 42 35 2 20 38 45 30 4 19 3 43 25 23 34 41 44 46 18 28 7 29 1 13 16 11 48 36 14 9 21 32 0.000185391175380 5394
30 4 19 3 43 25 23 34 41 44 46 18 28 7 29 1 13 16 11 48 36 14 9 21 32 17 27 22 6 8 33 5 31 12 10 15 26 47 37 24 40 39 42 35 2 20 38 45 0.000185391175380 5394
38 20 2 35 42 39 40 24 37 47 26 15 10 12 31 5 33 8 6 22 27 17 32 21 9 14 36 48 11 16 13 1 29 7 28 18 46 44 41 34 23 25 43 3 19 4 30 45 0.000185391175380 5394
8 33 5 31 12 10 15 26 47 37 24 40 39 42 35 2 20 38 45 30 4 19 3 43 25 23 34 41 44 46 18 28 7 29 1 13 16 11 48 36 14 9 21 32 17 27 22 6 0.000185391175380 5394
19 4 30 45 38 20 2 35 42 39 40 24 37 47 26 15 10 12 31 5 33 8 6 22 27 17 32 21 9 14 36 48 11 16 13 1 29 7 28 18 46 44 41 34 23 25 43 3 0.000185391175380 5394
31 5 33 8 6 22 27 17 32 21 9 14 36 48 11 16 13 1 29 7 28 18 46 44 41 34 23 25 43 3 19 4 30 45 38 20 2 35 42 39 40 24 37 47 26 15 10 12 0.000185391175380 5394
26 47 37 24 40 39 42 35 2 20 38 45 30 4 19 3 43 25 23 34 41 44 46 18 28 7 29 1 13 16 11 48 36 14 9 21 32 17 27 22 6 8 33 5 31 12 10 15 0.000185391175380 5394
30 4 19 3 43 25 23 34 41 44 46 18 28 7 29 1 13 16 11 48 36 14 9 21 32 17 27 22 6 8 33 5 31 12 10 15 26 47 37 24 40 39 42 35 2 20 38 45 0.000185391175380 5394
5 33 8 6 22 27 17 32 21 9 14 36 48 11 16 13 1 29 7 28 18 46 44 41 34 23 25 43 3 19 4 30 45 38 20 2 35 42 39 40 24 37 47 26 15 10 12 31 0.000185391175380 5394
4 19 3 43 25 23 34 41 44 46 18 28 7 29 1 13 16 11 48 36 14 9 21 32 17 27 22 6 8 33 5 31 12 10 15 26 47 37 24 40 39 42 35 2 20 38 45 30 0.000185391175380 5394
27 17 32 21 9 14 36 48 11 16 13 1 29 7 28 18 46 44 41 34 23 25 43 3 19 4 30 45 38 20 2 35 42 39 40 24 37 47 26 15 10 12 31 5 33 8 6 22 0.000185391175380 5394
42 35 2 20 38 45 30 4 19 3 43 25 23 34 41 44 46 18 28 7 29 1 13 16 11 48 36 14 9 21 32 17 27 22 6 8 33 5 31 12 10 15 26 47 37 24 40 39 0.000185391175380 5394
3 43 25 23 34 41 44 46 18 28 7 29 1 13 16 11 48 36 14 9 21 32 17 27 22 6 8 33 5 31 12 10 15 26 47 37 24 40 39 42 35 2 20 38 45 30 4 19 0.000185391175380 5394
6 22 27 17 32 21 9 14 36 48 11 16 13 1 29 7 28 18 46 44 41 34 23 25 43 3 19 4 30 45 38 20 2 35 42 39 40 24 37 47 26 15 10 12 31 5 33 8 0.000185391175380 5394
17 32 21 9 14 36 48 11 16 13 1 29 7 28 18 46 44 41 34 23 25 43 3 19 4 30 45 38 20 2 35 42 39 40 24 37 47 26 15 10 12 31 5 33 8 6 22 27 0.000185391175380 5394
48 11 16 13 1 29 7 28 18 46 44 41 34 23 25 43 3 19 4 30 45 38 20 2 35 42 39 40 24 37 47 26 15 10 12 31 5 33 8 6 22 27 17 32 21 9 14 36 0.000185391175380 5394
43 25 23 34 41 44 46 18 28 7 29 1 13 16 11 48 36 14 9 21 32 17 27 22 6 8 33 5 31 12 10 15 26 47 37 24 40 39 42 35 2 20 38 45 30 4 19 3 0.000185391175380 5394
24 40 39 42 35 2 20 38 45 30 4 19 3 43 25 23 34 41 44 46 18 28 7 29 1 13 16 11 48 36 14 9 21 32 17 27 22 6 8 33 5 31 12 10 15 26 47 37 0.000185391175380 5394
20 38 45 30 4 19 3 43 25 23 34 41 44 46 18 28 7 29 1 13 16 11 48 36 14 9 21 32 17 27 22 6 8 33 5 31 12 10 15 26 47 37 24 40 39 42 35 2 0.000185391175380 5394
6 8 33 5 31 12 10 15 26 47 37 24 40 39 42 35 2 20 38 45 30 4 19 3 43 25 23 34 41 44 46 18 28 7 29 1 13 16 11 48 36 14 9 21 32 17 27 22 0.000185391175380 5394
31 5 33 8 6 22 27 17 32 21 9 14 36 48 11 16 13 1 29 7 28 18 46 44 41 34 23 25 43 3 19 4 30 45 38 20 2 35 42 39 40 24 37 47 26 15 10 12 0.000185391175380 5394
12 10 15 26 47 37 24 40 39 42 35 2 20 38 45 30 4 19 3 43 25 23 34 41 44 46 18 28 7 29 1 13 16 11 48 36 14 9 21 32 17 27 22 6 8 33 5 31 0.000185391175380 5394
5 31 12 10 15 26 47 37 24 40 39 42 35 2 20 38 45 30 4 19 3 43 25 23 34 41 44 46 18 28 7 29 1 13 16 11 48 36 14 9 21 32 17 27 22 6 8 33 0.000185391175380 5394
28 18 46 44 41 34 23 25 43 3 19 4 30 45 38 20 2 35 42 39 40 24 37 47 26 15 10 12 31 5 33 8 6 22 27 17 32 21 9 14 36 48 11 16 13 1 29 7 0.000185391175380 5394
6 8 33 5 31 12 10 15 26 47 37 24 40 39 42 35 2 20 38 45 30 4 19 3 43 25 23 34 41 44 46 18 28 7 29 1 13 16 11 48 36 14 9 21 32 17 27 22 0.000185391175380 5394
9 14 36 48 11 16 13 1 29 7 28 18 46 44 41 34 23 25 43 3 19 4 30 45 38 20 2 35 42 39 40 24 37 47 26 15 10 12 31 5 33 8 6 22 27 17 32 21 0.000185391175380 5394
16 13 1 29 7 28 18 46 44 41 34 23 25 43 3 19 4 30 45 38 20 2 35 42 39 40 24 37 47 26 15 10 12 31 5 33 8 6 22 27 17 32 21 9 14 36 48 11 0.000185391175380 5394
1 29 7 28 18 46 44 41 34 23 25 43 3 19 4 30 45 38 20 2 35 42 39 40 24 37 47 26 15 10 12 31 5 33 8 6 22 27 17 32 21 9 14 36 48 11 16 13 0.000185391175380 5394
2 35 42 39 40 24 37 47 26 15 10 12 31 5 33 8 6 22 27 17 32 21 9 14 36 48 11 16 13 1 29 7 28 18 46 44 41 34 23 25 43 3 19 4 30 45 38 20 0.000185391175380 5394
36 14 9 21 32 17 27 22 6 8 33 5 31 12 10 15 26 47 37 24 40 39 42 35 2 20 38 45 30 4 19 3 43 25 23 34 41 44 46 18 28 7 29 1 13 16 11 48 0.000185391175380 5394
